message,rpid_str,parent,ctime,like,mid,sex
老佛爷本来都打算签了。[笑哭][笑哭]造化弄人啊,168633079536,0,1685989519,0,4199449,男
没有阿伟罗！不要碰瓷球王！我给你差评！,166339242720,0,1684681196,1,1410796508,保密
球王梅西,160262484704,0,1681192804,0,295036887,保密
