message,rpid_str,parent,ctime,like,mid,sex
幽默,212285407568,0,1710382135,0,496019490,保密
吆西吆西吆西吆西吆西吆西吆西吆西吆西吆西吆西吆西吆西吆西吆西吆西吆西吆西吆西吆西吆西吆西吆西吆西吆西吆西吆西吆西吆西吆西吆西吆西吆西吆西吆西吆西吆西吆西吆西吆西吆西吆西吆西吆西吆西吆西吆西吆西吆西吆西吆西吆西吆西吆西吆西吆西吆西吆西吆西吆西吆西吆西吆西吆西吆西吆西吆西吆西吆西吆西吆西吆西吆西吆西吆西吆西吆西吆西吆西吆西吆西吆西吆西吆西吆西吆西吆西吆西吆西吆西吆西吆西吆西吆西吆西吆西吆西吆西吆西吆西吆西吆西吆西吆西吆西吆西吆西吆西吆西吆西吆西吆西吆西吆西吆西吆西吆西吆西吆西吆西吆西吆西吆西吆西吆西吆西吆西吆西吆西吆西吆西吆西吆西吆西吆西吆西吆西吆西吆西吆西吆西吆西吆西吆西吆西吆西吆西吆西吆西吆西吆西吆西吆西吆西吆西吆西吆西吆西吆西吆西吆西吆西吆西吆西吆西吆西吆西吆西吆西吆西吆西吆西吆西吆西吆西吆西吆西吆西吆西吆西吆西吆西吆西吆西吆西吆西吆西吆西吆西吆西吆西吆西,212080540624,0,1710244396,4,3461564795455973,保密
这就是里奥呦西！,211972983072,0,1710169477,3,3494375464110462,保密
